ASC_CAR = -0.1958522502888581
ASC_TRAIN = -0.7333060811457778
B_COST = -1.0835050156938726
B_TIME = -1.222787257571583
